locations.size=4;
locations.0=[40.443237,-79.940570,2];
locations.1=[40.443387,-79.940270,2];
locations.2=[40.443187,-79.940098,2];
locations.3=[40.443077,-79.940398,2];
repeat=3;

